48020
17436
12416
11986
11960
11956
11952
11948
11944
11940
11936
11932
11928
11924
11920
11916
11912
11908
11904
11900
11896
11892
11888
11884
11880
11876
11872
11868
11864
11860
11856
11852
11848
11844
11840
11836
11832
11828
11824
11820
11816
11812
11808
11804
11800
11796
11792
11788
11784
11780
11776
11772
11768
11764
11760
11756
11752
11748
11744
11740
11736
11732
11728
11724
11720
11716
11712
11708
11704
11700
11696
11692
11688
11684
11680
11676
11672
11668
11664
11660
11656
11652
11648
11644
11640
11636
11632
11628
11624
11620
11616
11612
11608
11604
11600
11596
11592
11588
11584
11580
11576
11572
11568
11564
11560
11556
11552
11548
11544
11540
11536
11532
11528
11524
11520
11516
11512
11508
11504
11500
11496
11492
11488
11484
11480
11476
11472
11468
11464
11460
11456
11452
11448
11444
11440
11436
11432
11428
11424
11420
11416
11412
11408
11404
11400
11396
11392
11388
11384
11380
11376
11372
11368
11364
11360
11356
11352
11348
11344
11340
11336
11332
11328
11324
11320
11316
11312
11308
11304
11300
11296
11292
11288
11284
11280
11276
11272
11268
11264
11260
11256
11252
11248
11244
11240
11236
11232
11228
11224
11220
11216
11212
11208
11204
11200
11196
11192
11188
11184
11180
11176
11172
11168
11164
11160
11156
11152
11148
11144
11140
11136
11132
11128
11124
11120
11116
11112
11108
11104
11100
11096
11092
11088
11084
11080
11076
11072
11068
11064
11060
11056
11052
11048
11044
11040
11036
11032
11028
11024
11020
11016
11012
11008
11004
11000
10996
10992
10988
10984
10980
10976
10972
10968
10964
10960
10956
10952
10948
10944
10940
10936
10932
10928
10924
10920
10916
10912
10908
10904
10900
10896
10892
10888
10884
10880
10876
10872
10868
10864
10860
10856
10852
10848
10844
10840
10836
10832
10828
10824
10820
10816
10812
10808
10804
10800
10796
10792
10788
10784
10780
10776
10772
10768
10764
10760
10756
10752
10748
10744
10740
10736
10732
10728
10724
10720
10716
10712
10708
10704
10700
10696
10692
10688
10684
10680
10676
10672
10668
10664
10660
10656
10652
10648
10644
10640
10636
10632
10628
10624
10620
10616
10612
10608
10604
10600
10596
10592
10588
10584
10580
10576
10572
10568
10564
10560
10556
10552
10548
10544
10540
10536
10532
10528
10524
10520
10516
10512
10508
10504
10500
10496
10492
10488
10484
10480
10476
10472
10468
10464
10460
10456
10452
10448
10444
10440
10436
10432
10428
10424
10420
10416
10412
10408
10404
10400
10396
10392
10388
10384
10380
10376
10372
10368
10364
10360
10356
10352
10348
10344
10340
10336
10332
10328
10324
10320
10316
10312
10308
10304
10300
10296
10292
10288
10284
10280
10276
10272
10268
10264
10260
10256
10252
10248
10244
10240
10236
10232
10228
10224
10220
10216
10212
10208
10204
10200
10196
10192
10188
10186
a 10186
nil
48068
17568
12470
12006
11978
11974
11970
11966
11962
11958
11954
11950
11946
11942
11938
11934
11930
11926
11922
11918
11914
11910
11906
11902
11898
11894
11890
11886
11882
11878
11874
11870
11866
11862
11858
11854
11850
11846
11842
11838
11834
11830
11826
11822
11818
11814
11810
11806
11802
11798
11794
11790
11786
11782
11778
11774
11770
11766
11762
11758
11754
11750
11746
11742
11738
11734
11730
11726
11722
11718
11714
11710
11706
11702
11698
11694
11690
11686
11682
11678
11674
11670
11666
11662
11658
11654
11650
11646
11642
11638
11634
11630
11626
11622
11618
11614
11610
11606
11602
11598
11594
11590
11586
11582
11578
11574
11570
11566
11562
11558
11554
11550
11546
11542
11538
11534
11530
11526
11522
11518
11514
11510
11506
11502
11498
11494
11490
11486
11482
11478
11474
11470
11466
11462
11458
11454
11450
11446
11442
11438
11434
11430
11426
11422
11418
11414
11410
11406
11402
11398
11394
11390
11386
11382
11378
11374
11370
11366
11362
11358
11354
11350
11346
11342
11338
11334
11330
11326
11322
11318
11314
11310
11306
11302
11298
11294
11290
11286
11282
11278
11274
11270
11266
11262
11258
11254
11250
11246
11242
11238
11234
11230
11226
11222
11218
11214
11210
11206
11202
11198
11194
11190
11186
11182
11178
11174
11170
11166
11162
11158
11154
11150
11146
11142
11138
11134
11130
11126
11122
11118
11114
11110
11106
11102
11098
11094
11090
11086
11082
11078
11074
11070
11066
11062
11058
11054
11050
11046
11042
11038
11034
11030
11026
11022
11018
11014
11010
11006
11002
10998
10994
10990
10986
10982
10978
10974
10970
10966
10962
10958
10954
10950
10946
10942
10938
10934
10930
10926
10922
10918
10914
10910
10906
10902
10898
10894
10890
10886
10882
10878
10874
10870
10866
10862
10858
10854
10850
10846
10842
10838
10834
10830
10826
10822
10818
10814
10810
10806
10802
10798
10794
10790
10786
10782
10778
10774
10770
10766
10762
10758
10754
10750
10746
10742
10738
10734
10730
10726
10722
10718
10714
10710
10706
10702
10698
10694
10690
10686
10682
10678
10674
10670
10666
10662
10658
10654
10650
10646
10642
10638
10634
10630
10626
10622
10618
10614
10610
10606
10602
10598
10594
10590
10586
10582
10578
10574
10570
10566
10562
10558
10554
10550
10546
10542
10538
10534
10530
10526
10522
10518
10514
10510
10506
10502
10498
10494
10490
10486
10482
10478
10474
10470
10466
10462
10458
10454
10450
10446
10442
10438
10434
10430
10426
10422
10418
10414
10410
10406
10402
10398
10394
10390
10386
10382
10378
10374
10370
10366
10362
10358
10354
10350
10346
10342
10338
10334
10330
10326
10322
10318
10314
10310
10306
10302
10298
10294
10290
10286
10282
10278
10274
10270
10266
10262
10258
10254
10250
10246
10242
10238
10234
10230
10226
10222
10218
10214
10210
b 10210
nil
48150
17478
12476
12034
12002
11998
11994
11990
11986
11982
11978
11974
11970
11966
11962
11958
11954
11950
11946
11942
11938
11934
11930
11926
11922
11918
11914
11910
11906
11902
11898
11894
11890
11886
11882
11878
11874
11870
11866
11862
11858
11854
11850
11846
11842
11838
11834
11830
11826
11822
11818
11814
11810
11806
11802
11798
11794
11790
11786
11782
11778
11774
11770
11766
11762
11758
11754
11750
11746
11742
11738
11734
11730
11726
11722
11718
11714
11710
11706
11702
11698
11694
11690
11686
11682
11678
11674
11670
11666
11662
11658
11654
11650
11646
11642
11638
11634
11630
11626
11622
11618
11614
11610
11606
11602
11598
11594
11590
11586
11582
11578
11574
11570
11566
11562
11558
11554
11550
11546
11542
11538
11534
11530
11526
11522
11518
11514
11510
11506
11502
11498
11494
11490
11486
11482
11478
11474
11470
11466
11462
11458
11454
11450
11446
11442
11438
11434
11430
11426
11422
11418
11414
11410
11406
11402
11398
11394
11390
11386
11382
11378
11374
11370
11366
11362
11358
11354
11350
11346
11342
11338
11334
11330
11326
11322
11318
11314
11310
11306
11302
11298
11294
11290
11286
11282
11278
11274
11270
11266
11262
11258
11254
11250
11246
11242
11238
11234
11230
11226
11222
11218
11214
11210
11206
11202
11198
11194
11190
11186
11182
11178
11174
11170
11166
11162
11158
11154
11150
11146
11142
11138
11134
11130
11126
11122
11118
11114
11110
11106
11102
11098
11094
11090
11086
11082
11078
11074
11070
11066
11062
11058
11054
11050
11046
11042
11038
11034
11030
11026
11022
11018
11014
11010
11006
11002
10998
10994
10990
10986
10982
10978
10974
10970
10966
10962
10958
10954
10950
10946
10942
10938
10934
10930
10926
10922
10918
10914
10910
10906
10902
10898
10894
10890
10886
10882
10878
10874
10870
10866
10862
10858
10854
10850
10846
10842
10838
10834
10830
10826
10822
10818
10814
10810
10806
10802
10798
10794
10790
10786
10782
10778
10774
10770
10766
10762
10758
10754
10750
10746
10742
10738
10734
10730
10726
10722
10718
10714
10710
10706
10702
10698
10694
10690
10686
10682
10678
10674
10670
10666
10662
10658
10654
10650
10646
10642
10638
10634
10630
10626
10622
10618
10614
10610
10606
10602
10598
10594
10590
10586
10582
10578
10574
10570
10566
10562
10558
10554
10550
10546
10542
10538
10534
10530
10526
10522
10518
10514
10510
10506
10502
10498
10494
10490
10486
10482
10478
10474
10470
10466
10462
10458
10454
10450
10446
10442
10438
10434
10430
10426
10422
10418
10414
10410
10406
10402
10398
10394
10390
10386
10382
10378
10374
10370
10366
10362
10358
10354
10350
10346
10342
10338
10334
10330
10326
10322
10318
10314
10310
10306
10302
10298
10294
10290
10286
10282
10278
10274
10270
10266
10262
10258
10254
10250
10246
10242
10238
10234
10230
10226
10222
10218
10216
c 10216
nil
48132
17404
12410
12004
11972
11968
11964
11960
11956
11952
11948
11944
11940
11936
11932
11928
11924
11920
11916
11912
11908
11904
11900
11896
11892
11888
11884
11880
11876
11872
11868
11864
11860
11856
11852
11848
11844
11840
11836
11832
11828
11824
11820
11816
11812
11808
11804
11800
11796
11792
11788
11784
11780
11776
11772
11768
11764
11760
11756
11752
11748
11744
11740
11736
11732
11728
11724
11720
11716
11712
11708
11704
11700
11696
11692
11688
11684
11680
11676
11672
11668
11664
11660
11656
11652
11648
11644
11640
11636
11632
11628
11624
11620
11616
11612
11608
11604
11600
11596
11592
11588
11584
11580
11576
11572
11568
11564
11560
11556
11552
11548
11544
11540
11536
11532
11528
11524
11520
11516
11512
11508
11504
11500
11496
11492
11488
11484
11480
11476
11472
11468
11464
11460
11456
11452
11448
11444
11440
11436
11432
11428
11424
11420
11416
11412
11408
11404
11400
11396
11392
11388
11384
11380
11376
11372
11368
11364
11360
11356
11352
11348
11344
11340
11336
11332
11328
11324
11320
11316
11312
11308
11304
11300
11296
11292
11288
11284
11280
11276
11272
11268
11264
11260
11256
11252
11248
11244
11240
11236
11232
11228
11224
11220
11216
11212
11208
11204
11200
11196
11192
11188
11184
11180
11176
11172
11168
11164
11160
11156
11152
11148
11144
11140
11136
11132
11128
11124
11120
11116
11112
11108
11104
11100
11096
11092
11088
11084
11080
11076
11072
11068
11064
11060
11056
11052
11048
11044
11040
11036
11032
11028
11024
11020
11016
11012
11008
11004
11000
10996
10992
10988
10984
10980
10976
10972
10968
10964
10960
10956
10952
10948
10944
10940
10936
10932
10928
10924
10920
10916
10912
10908
10904
10900
10896
10892
10888
10884
10880
10876
10872
10868
10864
10860
10856
10852
10848
10844
10840
10836
10832
10828
10824
10820
10816
10812
10808
10804
10800
10796
10792
10788
10784
10780
10776
10772
10768
10764
10760
10756
10752
10748
10744
10740
10736
10732
10728
10724
10720
10716
10712
10708
10704
10700
10696
10692
10688
10684
10680
10676
10672
10668
10664
10660
10656
10652
10648
10644
10640
10636
10632
10628
10624
10620
10616
10612
10608
10604
10600
10596
10592
10588
10584
10580
10576
10572
10568
10564
10560
10556
10552
10548
10544
10540
10536
10532
10528
10524
10520
10516
10512
10508
10504
10500
10496
10492
10488
10484
10480
10476
10472
10468
10464
10460
10456
10452
10448
10444
10440
10436
10432
10428
10424
10420
10416
10412
10408
10404
10400
10396
10392
10388
10384
10380
10376
10372
10368
10364
10360
10356
10352
10348
10344
10340
10336
10332
10328
10324
10320
10316
10312
10308
10304
10300
10296
10292
10288
10284
10280
10276
10272
10268
10264
10260
10256
10252
10248
10244
10240
10236
10232
10228
10224
10220
10216
10212
10208
10204
10200
10196
10192
10188
10186
d 10186
nil
47986
17510
12480
12068
12036
12030
12026
12022
12018
12014
12010
12006
12002
11998
11994
11990
11986
11982
11978
11974
11970
11966
11962
11958
11954
11950
11946
11942
11938
11934
11930
11926
11922
11918
11914
11910
11906
11902
11898
11894
11890
11886
11882
11878
11874
11870
11866
11862
11858
11854
11850
11846
11842
11838
11834
11830
11826
11822
11818
11814
11810
11806
11802
11798
11794
11790
11786
11782
11778
11774
11770
11766
11762
11758
11754
11750
11746
11742
11738
11734
11730
11726
11722
11718
11714
11710
11706
11702
11698
11694
11690
11686
11682
11678
11674
11670
11666
11662
11658
11654
11650
11646
11642
11638
11634
11630
11626
11622
11618
11614
11610
11606
11602
11598
11594
11590
11586
11582
11578
11574
11570
11566
11562
11558
11554
11550
11546
11542
11538
11534
11530
11526
11522
11518
11514
11510
11506
11502
11498
11494
11490
11486
11482
11478
11474
11470
11466
11462
11458
11454
11450
11446
11442
11438
11434
11430
11426
11422
11418
11414
11410
11406
11402
11398
11394
11390
11386
11382
11378
11374
11370
11366
11362
11358
11354
11350
11346
11342
11338
11334
11330
11326
11322
11318
11314
11310
11306
11302
11298
11294
11290
11286
11282
11278
11274
11270
11266
11262
11258
11254
11250
11246
11242
11238
11234
11230
11226
11222
11218
11214
11210
11206
11202
11198
11194
11190
11186
11182
11178
11174
11170
11166
11162
11158
11154
11150
11146
11142
11138
11134
11130
11126
11122
11118
11114
11110
11106
11102
11098
11094
11090
11086
11082
11078
11074
11070
11066
11062
11058
11054
11050
11046
11042
11038
11034
11030
11026
11022
11018
11014
11010
11006
11002
10998
10994
10990
10986
10982
10978
10974
10970
10966
10962
10958
10954
10950
10946
10942
10938
10934
10930
10926
10922
10918
10914
10910
10906
10902
10898
10894
10890
10886
10882
10878
10874
10870
10866
10862
10858
10854
10850
10846
10842
10838
10834
10830
10826
10822
10818
10814
10810
10806
10802
10798
10794
10790
10786
10782
10778
10774
10770
10766
10762
10758
10754
10750
10746
10742
10738
10734
10730
10726
10722
10718
10714
10710
10706
10702
10698
10694
10690
10686
10682
10678
10674
10670
10666
10662
10658
10654
10650
10646
10642
10638
10634
10630
10626
10622
10618
10614
10610
10606
10602
10598
10594
10590
10586
10582
10578
10574
10570
10566
10562
10558
10554
10550
10546
10542
10538
10534
10530
10526
10522
10518
10514
10510
10506
10502
10498
10494
10490
10486
10482
10478
10474
10470
10466
10462
10458
10454
10450
10446
10442
10438
10434
10430
10426
10422
10418
10414
10410
10406
10402
10398
10394
10390
10386
10382
10378
10374
10370
10366
10362
10358
10354
10350
10346
10342
10338
10334
10330
10326
10322
10318
10314
10310
10306
10302
10298
10294
10290
10286
10282
10278
10274
10270
10266
10262
10258
10254
e 10254
nil
48232
17526
12478
12040
12004
11998
11994
11990
11986
11982
11978
11974
11970
11966
11962
11958
11954
11950
11946
11942
11938
11934
11930
11926
11922
11918
11914
11910
11906
11902
11898
11894
11890
11886
11882
11878
11874
11870
11866
11862
11858
11854
11850
11846
11842
11838
11834
11830
11826
11822
11818
11814
11810
11806
11802
11798
11794
11790
11786
11782
11778
11774
11770
11766
11762
11758
11754
11750
11746
11742
11738
11734
11730
11726
11722
11718
11714
11710
11706
11702
11698
11694
11690
11686
11682
11678
11674
11670
11666
11662
11658
11654
11650
11646
11642
11638
11634
11630
11626
11622
11618
11614
11610
11606
11602
11598
11594
11590
11586
11582
11578
11574
11570
11566
11562
11558
11554
11550
11546
11542
11538
11534
11530
11526
11522
11518
11514
11510
11506
11502
11498
11494
11490
11486
11482
11478
11474
11470
11466
11462
11458
11454
11450
11446
11442
11438
11434
11430
11426
11422
11418
11414
11410
11406
11402
11398
11394
11390
11386
11382
11378
11374
11370
11366
11362
11358
11354
11350
11346
11342
11338
11334
11330
11326
11322
11318
11314
11310
11306
11302
11298
11294
11290
11286
11282
11278
11274
11270
11266
11262
11258
11254
11250
11246
11242
11238
11234
11230
11226
11222
11218
11214
11210
11206
11202
11198
11194
11190
11186
11182
11178
11174
11170
11166
11162
11158
11154
11150
11146
11142
11138
11134
11130
11126
11122
11118
11114
11110
11106
11102
11098
11094
11090
11086
11082
11078
11074
11070
11066
11062
11058
11054
11050
11046
11042
11038
11034
11030
11026
11022
11018
11014
11010
11006
11002
10998
10994
10990
10986
10982
10978
10974
10970
10966
10962
10958
10954
10950
10946
10942
10938
10934
10930
10926
10922
10918
10914
10910
10906
10902
10898
10894
10890
10886
10882
10878
10874
10870
10866
10862
10858
10854
10850
10846
10842
10838
10834
10830
10826
10822
10818
10814
10810
10806
10802
10798
10794
10790
10786
10782
10778
10774
10770
10766
10762
10758
10754
10750
10746
10742
10738
10734
10730
10726
10722
10718
10714
10710
10706
10702
10698
10694
10690
10686
10682
10678
10674
10670
10666
10662
10658
10654
10650
10646
10642
10638
10634
10630
10626
10622
10618
10614
10610
10606
10602
10598
10594
10590
10586
10582
10578
10574
10570
10566
10562
10558
10554
10550
10546
10542
10538
10534
10530
10526
10522
10518
10514
10510
10506
10502
10498
10494
10490
10486
10482
10478
10474
10470
10466
10462
10458
10454
10450
10446
10442
10438
10434
10430
10426
10422
10418
10414
10410
10406
10402
10398
10394
10390
10386
10382
10378
10374
10370
10366
10362
10358
10354
10350
10346
10342
10338
10334
10330
10326
10322
10318
10314
10310
10306
10302
10298
10294
10290
10286
10282
10278
10274
10270
10266
10262
10258
10254
10250
10246
10242
10238
10234
10230
10226
10222
10218
10214
10210
10208
f 10208
nil
48034
17474
12418
11990
11962
11958
11954
11950
11946
11942
11938
11934
11930
11926
11922
11918
11914
11910
11906
11902
11898
11894
11890
11886
11882
11878
11874
11870
11866
11862
11858
11854
11850
11846
11842
11838
11834
11830
11826
11822
11818
11814
11810
11806
11802
11798
11794
11790
11786
11782
11778
11774
11770
11766
11762
11758
11754
11750
11746
11742
11738
11734
11730
11726
11722
11718
11714
11710
11706
11702
11698
11694
11690
11686
11682
11678
11674
11670
11666
11662
11658
11654
11650
11646
11642
11638
11634
11630
11626
11622
11618
11614
11610
11606
11602
11598
11594
11590
11586
11582
11578
11574
11570
11566
11562
11558
11554
11550
11546
11542
11538
11534
11530
11526
11522
11518
11514
11510
11506
11502
11498
11494
11490
11486
11482
11478
11474
11470
11466
11462
11458
11454
11450
11446
11442
11438
11434
11430
11426
11422
11418
11414
11410
11406
11402
11398
11394
11390
11386
11382
11378
11374
11370
11366
11362
11358
11354
11350
11346
11342
11338
11334
11330
11326
11322
11318
11314
11310
11306
11302
11298
11294
11290
11286
11282
11278
11274
11270
11266
11262
11258
11254
11250
11246
11242
11238
11234
11230
11226
11222
11218
11214
11210
11206
11202
11198
11194
11190
11186
11182
11178
11174
11170
11166
11162
11158
11154
11150
11146
11142
11138
11134
11130
11126
11122
11118
11114
11110
11106
11102
11098
11094
11090
11086
11082
11078
11074
11070
11066
11062
11058
11054
11050
11046
11042
11038
11034
11030
11026
11022
11018
11014
11010
11006
11002
10998
10994
10990
10986
10982
10978
10974
10970
10966
10962
10958
10954
10950
10946
10942
10938
10934
10930
10926
10922
10918
10914
10910
10906
10902
10898
10894
10890
10886
10882
10878
10874
10870
10866
10862
10858
10854
10850
10846
10842
10838
10834
10830
10826
10822
10818
10814
10810
10806
10802
10798
10794
10790
10786
10782
10778
10774
10770
10766
10762
10758
10754
10750
10746
10742
10738
10734
10730
10726
10722
10718
10714
10710
10706
10702
10698
10694
10690
10686
10682
10678
10674
10670
10666
10662
10658
10654
10650
10646
10642
10638
10634
10630
10626
10622
10618
10614
10610
10606
10602
10598
10594
10590
10586
10582
10578
10574
10570
10566
10562
10558
10554
10550
10546
10542
10538
10534
10530
10526
10522
10518
10514
10510
10506
10502
10498
10494
10490
10486
10482
10478
10474
10470
10466
10462
10458
10454
10450
10446
10442
10438
10434
10430
10426
10422
10418
10414
10410
10406
10402
10398
10394
10390
10386
10382
10378
10374
10370
10366
10362
10358
10354
10350
10346
10342
10338
10334
10330
10326
10322
10318
10314
10310
10306
10302
10298
10294
10290
10286
10282
10278
10274
10270
10266
10262
10258
10254
10250
10246
10242
10238
10234
10230
10226
10222
10218
10216
g 10216
nil
48076
17444
12432
11990
11962
11958
11954
11950
11946
11942
11938
11934
11930
11926
11922
11918
11914
11910
11906
11902
11898
11894
11890
11886
11882
11878
11874
11870
11866
11862
11858
11854
11850
11846
11842
11838
11834
11830
11826
11822
11818
11814
11810
11806
11802
11798
11794
11790
11786
11782
11778
11774
11770
11766
11762
11758
11754
11750
11746
11742
11738
11734
11730
11726
11722
11718
11714
11710
11706
11702
11698
11694
11690
11686
11682
11678
11674
11670
11666
11662
11658
11654
11650
11646
11642
11638
11634
11630
11626
11622
11618
11614
11610
11606
11602
11598
11594
11590
11586
11582
11578
11574
11570
11566
11562
11558
11554
11550
11546
11542
11538
11534
11530
11526
11522
11518
11514
11510
11506
11502
11498
11494
11490
11486
11482
11478
11474
11470
11466
11462
11458
11454
11450
11446
11442
11438
11434
11430
11426
11422
11418
11414
11410
11406
11402
11398
11394
11390
11386
11382
11378
11374
11370
11366
11362
11358
11354
11350
11346
11342
11338
11334
11330
11326
11322
11318
11314
11310
11306
11302
11298
11294
11290
11286
11282
11278
11274
11270
11266
11262
11258
11254
11250
11246
11242
11238
11234
11230
11226
11222
11218
11214
11210
11206
11202
11198
11194
11190
11186
11182
11178
11174
11170
11166
11162
11158
11154
11150
11146
11142
11138
11134
11130
11126
11122
11118
11114
11110
11106
11102
11098
11094
11090
11086
11082
11078
11074
11070
11066
11062
11058
11054
11050
11046
11042
11038
11034
11030
11026
11022
11018
11014
11010
11006
11002
10998
10994
10990
10986
10982
10978
10974
10970
10966
10962
10958
10954
10950
10946
10942
10938
10934
10930
10926
10922
10918
10914
10910
10906
10902
10898
10894
10890
10886
10882
10878
10874
10870
10866
10862
10858
10854
10850
10846
10842
10838
10834
10830
10826
10822
10818
10814
10810
10806
10802
10798
10794
10790
10786
10782
10778
10774
10770
10766
10762
10758
10754
10750
10746
10742
10738
10734
10730
10726
10722
10718
10714
10710
10706
10702
10698
10694
10690
10686
10682
10678
10674
10670
10666
10662
10658
10654
10650
10646
10642
10638
10634
10630
10626
10622
10618
10614
10610
10606
10602
10598
10594
10590
10586
10582
10578
10574
10570
10566
10562
10558
10554
10550
10546
10542
10538
10534
10530
10526
10522
10518
10514
10510
10506
10502
10498
10494
10490
10486
10482
10478
10474
10470
10466
10462
10458
10454
10450
10446
10442
10438
10434
10430
10426
10422
10418
10414
10410
10406
10402
10398
10394
10390
10386
10382
10378
10374
10370
10366
10362
10358
10354
10350
10346
10342
10338
10334
10330
10326
10322
10318
10314
10310
10306
10302
10298
10294
10290
10286
10282
10278
10274
10270
10266
10262
10258
10254
10250
10246
10242
10238
10234
10230
10226
10222
10218
10214
10210
10206
10202
10198
10196
h 10196
nil
48006
17522
12500
12078
12048
12042
12038
12034
12030
12026
12022
12018
12014
12010
12006
12002
11998
11994
11990
11986
11982
11978
11974
11970
11966
11962
11958
11954
11950
11946
11942
11938
11934
11930
11926
11922
11918
11914
11910
11906
11902
11898
11894
11890
11886
11882
11878
11874
11870
11866
11862
11858
11854
11850
11846
11842
11838
11834
11830
11826
11822
11818
11814
11810
11806
11802
11798
11794
11790
11786
11782
11778
11774
11770
11766
11762
11758
11754
11750
11746
11742
11738
11734
11730
11726
11722
11718
11714
11710
11706
11702
11698
11694
11690
11686
11682
11678
11674
11670
11666
11662
11658
11654
11650
11646
11642
11638
11634
11630
11626
11622
11618
11614
11610
11606
11602
11598
11594
11590
11586
11582
11578
11574
11570
11566
11562
11558
11554
11550
11546
11542
11538
11534
11530
11526
11522
11518
11514
11510
11506
11502
11498
11494
11490
11486
11482
11478
11474
11470
11466
11462
11458
11454
11450
11446
11442
11438
11434
11430
11426
11422
11418
11414
11410
11406
11402
11398
11394
11390
11386
11382
11378
11374
11370
11366
11362
11358
11354
11350
11346
11342
11338
11334
11330
11326
11322
11318
11314
11310
11306
11302
11298
11294
11290
11286
11282
11278
11274
11270
11266
11262
11258
11254
11250
11246
11242
11238
11234
11230
11226
11222
11218
11214
11210
11206
11202
11198
11194
11190
11186
11182
11178
11174
11170
11166
11162
11158
11154
11150
11146
11142
11138
11134
11130
11126
11122
11118
11114
11110
11106
11102
11098
11094
11090
11086
11082
11078
11074
11070
11066
11062
11058
11054
11050
11046
11042
11038
11034
11030
11026
11022
11018
11014
11010
11006
11002
10998
10994
10990
10986
10982
10978
10974
10970
10966
10962
10958
10954
10950
10946
10942
10938
10934
10930
10926
10922
10918
10914
10910
10906
10902
10898
10894
10890
10886
10882
10878
10874
10870
10866
10862
10858
10854
10850
10846
10842
10838
10834
10830
10826
10822
10818
10814
10810
10806
10802
10798
10794
10790
10786
10782
10778
10774
10770
10766
10762
10758
10754
10750
10746
10742
10738
10734
10730
10726
10722
10718
10714
10710
10706
10702
10698
10694
10690
10686
10682
10678
10674
10670
10666
10662
10658
10654
10650
10646
10642
10638
10634
10630
10626
10622
10618
10614
10610
10606
10602
10598
10594
10590
10586
10582
10578
10574
10570
10566
10562
10558
10554
10550
10546
10542
10538
10534
10530
10526
10522
10518
10514
10510
10506
10502
10498
10494
10490
10486
10482
10478
10474
10470
10466
10462
10458
10454
10450
10446
10442
10438
10434
10430
10426
10422
10418
10414
10410
10406
10402
10398
10394
10390
10386
10382
10378
10374
10370
10366
10362
10358
10354
10350
10346
10342
10338
10334
10330
10326
10322
10318
10314
10310
10306
10302
10298
10294
10290
10286
10282
10278
10274
10270
10266
10262
i 10262
nil
47978
17442
12402
11970
11936
11930
11926
11922
11918
11914
11910
11906
11902
11898
11894
11890
11886
11882
11878
11874
11870
11866
11862
11858
11854
11850
11846
11842
11838
11834
11830
11826
11822
11818
11814
11810
11806
11802
11798
11794
11790
11786
11782
11778
11774
11770
11766
11762
11758
11754
11750
11746
11742
11738
11734
11730
11726
11722
11718
11714
11710
11706
11702
11698
11694
11690
11686
11682
11678
11674
11670
11666
11662
11658
11654
11650
11646
11642
11638
11634
11630
11626
11622
11618
11614
11610
11606
11602
11598
11594
11590
11586
11582
11578
11574
11570
11566
11562
11558
11554
11550
11546
11542
11538
11534
11530
11526
11522
11518
11514
11510
11506
11502
11498
11494
11490
11486
11482
11478
11474
11470
11466
11462
11458
11454
11450
11446
11442
11438
11434
11430
11426
11422
11418
11414
11410
11406
11402
11398
11394
11390
11386
11382
11378
11374
11370
11366
11362
11358
11354
11350
11346
11342
11338
11334
11330
11326
11322
11318
11314
11310
11306
11302
11298
11294
11290
11286
11282
11278
11274
11270
11266
11262
11258
11254
11250
11246
11242
11238
11234
11230
11226
11222
11218
11214
11210
11206
11202
11198
11194
11190
11186
11182
11178
11174
11170
11166
11162
11158
11154
11150
11146
11142
11138
11134
11130
11126
11122
11118
11114
11110
11106
11102
11098
11094
11090
11086
11082
11078
11074
11070
11066
11062
11058
11054
11050
11046
11042
11038
11034
11030
11026
11022
11018
11014
11010
11006
11002
10998
10994
10990
10986
10982
10978
10974
10970
10966
10962
10958
10954
10950
10946
10942
10938
10934
10930
10926
10922
10918
10914
10910
10906
10902
10898
10894
10890
10886
10882
10878
10874
10870
10866
10862
10858
10854
10850
10846
10842
10838
10834
10830
10826
10822
10818
10814
10810
10806
10802
10798
10794
10790
10786
10782
10778
10774
10770
10766
10762
10758
10754
10750
10746
10742
10738
10734
10730
10726
10722
10718
10714
10710
10706
10702
10698
10694
10690
10686
10682
10678
10674
10670
10666
10662
10658
10654
10650
10646
10642
10638
10634
10630
10626
10622
10618
10614
10610
10606
10602
10598
10594
10590
10586
10582
10578
10574
10570
10566
10562
10558
10554
10550
10546
10542
10538
10534
10530
10526
10522
10518
10514
10510
10506
10502
10498
10494
10490
10486
10482
10478
10474
10470
10466
10462
10458
10454
10450
10446
10442
10438
10434
10430
10426
10422
10418
10414
10410
10406
10402
10398
10394
10390
10386
10382
10378
10374
10370
10366
10362
10358
10354
10350
10346
10342
10338
10334
10330
10326
10322
10318
10314
10310
10306
10302
10298
10294
10290
10286
10282
10278
10274
10270
10266
10262
10258
10254
10250
10246
10242
10238
10234
10230
10226
10222
10218
10214
10210
10206
10202
10198
10194
10190
10186
10182
10178
10174
10170
10168
j 10168
nil
48140
17500
12432
11998
11970
11966
11962
11958
11954
11950
11946
11942
11938
11934
11930
11926
11922
11918
11914
11910
11906
11902
11898
11894
11890
11886
11882
11878
11874
11870
11866
11862
11858
11854
11850
11846
11842
11838
11834
11830
11826
11822
11818
11814
11810
11806
11802
11798
11794
11790
11786
11782
11778
11774
11770
11766
11762
11758
11754
11750
11746
11742
11738
11734
11730
11726
11722
11718
11714
11710
11706
11702
11698
11694
11690
11686
11682
11678
11674
11670
11666
11662
11658
11654
11650
11646
11642
11638
11634
11630
11626
11622
11618
11614
11610
11606
11602
11598
11594
11590
11586
11582
11578
11574
11570
11566
11562
11558
11554
11550
11546
11542
11538
11534
11530
11526
11522
11518
11514
11510
11506
11502
11498
11494
11490
11486
11482
11478
11474
11470
11466
11462
11458
11454
11450
11446
11442
11438
11434
11430
11426
11422
11418
11414
11410
11406
11402
11398
11394
11390
11386
11382
11378
11374
11370
11366
11362
11358
11354
11350
11346
11342
11338
11334
11330
11326
11322
11318
11314
11310
11306
11302
11298
11294
11290
11286
11282
11278
11274
11270
11266
11262
11258
11254
11250
11246
11242
11238
11234
11230
11226
11222
11218
11214
11210
11206
11202
11198
11194
11190
11186
11182
11178
11174
11170
11166
11162
11158
11154
11150
11146
11142
11138
11134
11130
11126
11122
11118
11114
11110
11106
11102
11098
11094
11090
11086
11082
11078
11074
11070
11066
11062
11058
11054
11050
11046
11042
11038
11034
11030
11026
11022
11018
11014
11010
11006
11002
10998
10994
10990
10986
10982
10978
10974
10970
10966
10962
10958
10954
10950
10946
10942
10938
10934
10930
10926
10922
10918
10914
10910
10906
10902
10898
10894
10890
10886
10882
10878
10874
10870
10866
10862
10858
10854
10850
10846
10842
10838
10834
10830
10826
10822
10818
10814
10810
10806
10802
10798
10794
10790
10786
10782
10778
10774
10770
10766
10762
10758
10754
10750
10746
10742
10738
10734
10730
10726
10722
10718
10714
10710
10706
10702
10698
10694
10690
10686
10682
10678
10674
10670
10666
10662
10658
10654
10650
10646
10642
10638
10634
10630
10626
10622
10618
10614
10610
10606
10602
10598
10594
10590
10586
10582
10578
10574
10570
10566
10562
10558
10554
10550
10546
10542
10538
10534
10530
10526
10522
10518
10514
10510
10506
10502
10498
10494
10490
10486
10482
10478
10474
10470
10466
10462
10458
10454
10450
10446
10442
10438
10434
10430
10426
10422
10418
10414
10410
10406
10402
10398
10394
10390
10386
10382
10378
10374
10370
10366
10362
10358
10354
10350
10346
10342
10338
10334
10330
10326
10322
10318
10314
10310
10306
10302
10298
10294
10290
10286
10282
10278
10274
10270
10266
10262
10258
10254
10250
10246
10242
10238
10234
10230
10226
10222
10218
10214
10210
10206
10202
10198
10196
k 10196
nil
48044
17428
12350
11932
11912
11906
11902
11898
11894
11890
11886
11882
11878
11874
11870
11866
11862
11858
11854
11850
11846
11842
11838
11834
11830
11826
11822
11818
11814
11810
11806
11802
11798
11794
11790
11786
11782
11778
11774
11770
11766
11762
11758
11754
11750
11746
11742
11738
11734
11730
11726
11722
11718
11714
11710
11706
11702
11698
11694
11690
11686
11682
11678
11674
11670
11666
11662
11658
11654
11650
11646
11642
11638
11634
11630
11626
11622
11618
11614
11610
11606
11602
11598
11594
11590
11586
11582
11578
11574
11570
11566
11562
11558
11554
11550
11546
11542
11538
11534
11530
11526
11522
11518
11514
11510
11506
11502
11498
11494
11490
11486
11482
11478
11474
11470
11466
11462
11458
11454
11450
11446
11442
11438
11434
11430
11426
11422
11418
11414
11410
11406
11402
11398
11394
11390
11386
11382
11378
11374
11370
11366
11362
11358
11354
11350
11346
11342
11338
11334
11330
11326
11322
11318
11314
11310
11306
11302
11298
11294
11290
11286
11282
11278
11274
11270
11266
11262
11258
11254
11250
11246
11242
11238
11234
11230
11226
11222
11218
11214
11210
11206
11202
11198
11194
11190
11186
11182
11178
11174
11170
11166
11162
11158
11154
11150
11146
11142
11138
11134
11130
11126
11122
11118
11114
11110
11106
11102
11098
11094
11090
11086
11082
11078
11074
11070
11066
11062
11058
11054
11050
11046
11042
11038
11034
11030
11026
11022
11018
11014
11010
11006
11002
10998
10994
10990
10986
10982
10978
10974
10970
10966
10962
10958
10954
10950
10946
10942
10938
10934
10930
10926
10922
10918
10914
10910
10906
10902
10898
10894
10890
10886
10882
10878
10874
10870
10866
10862
10858
10854
10850
10846
10842
10838
10834
10830
10826
10822
10818
10814
10810
10806
10802
10798
10794
10790
10786
10782
10778
10774
10770
10766
10762
10758
10754
10750
10746
10742
10738
10734
10730
10726
10722
10718
10714
10710
10706
10702
10698
10694
10690
10686
10682
10678
10674
10670
10666
10662
10658
10654
10650
10646
10642
10638
10634
10630
10626
10622
10618
10614
10610
10606
10602
10598
10594
10590
10586
10582
10578
10574
10570
10566
10562
10558
10554
10550
10546
10542
10538
10534
10530
10526
10522
10518
10514
10510
10506
10502
10498
10494
10490
10486
10482
10478
10474
10470
10466
10462
10458
10454
10450
10446
10442
10438
10434
10430
10426
10422
10418
10414
10410
10406
10402
10398
10394
10390
10386
10382
10378
10374
10370
10366
10362
10358
10354
10350
10346
10342
10338
10334
10330
10326
10322
10318
10314
10310
10306
10302
10298
10294
10290
10286
10282
10278
10274
10270
10266
10262
10258
10254
10250
10246
10242
10238
10234
10230
10226
10222
10218
10214
10210
10206
10202
10198
10194
10190
10186
10182
10178
10174
10170
10166
10162
10158
l 10158
nil
48130
17530
12468
12028
12002
11998
11994
11990
11986
11982
11978
11974
11970
11966
11962
11958
11954
11950
11946
11942
11938
11934
11930
11926
11922
11918
11914
11910
11906
11902
11898
11894
11890
11886
11882
11878
11874
11870
11866
11862
11858
11854
11850
11846
11842
11838
11834
11830
11826
11822
11818
11814
11810
11806
11802
11798
11794
11790
11786
11782
11778
11774
11770
11766
11762
11758
11754
11750
11746
11742
11738
11734
11730
11726
11722
11718
11714
11710
11706
11702
11698
11694
11690
11686
11682
11678
11674
11670
11666
11662
11658
11654
11650
11646
11642
11638
11634
11630
11626
11622
11618
11614
11610
11606
11602
11598
11594
11590
11586
11582
11578
11574
11570
11566
11562
11558
11554
11550
11546
11542
11538
11534
11530
11526
11522
11518
11514
11510
11506
11502
11498
11494
11490
11486
11482
11478
11474
11470
11466
11462
11458
11454
11450
11446
11442
11438
11434
11430
11426
11422
11418
11414
11410
11406
11402
11398
11394
11390
11386
11382
11378
11374
11370
11366
11362
11358
11354
11350
11346
11342
11338
11334
11330
11326
11322
11318
11314
11310
11306
11302
11298
11294
11290
11286
11282
11278
11274
11270
11266
11262
11258
11254
11250
11246
11242
11238
11234
11230
11226
11222
11218
11214
11210
11206
11202
11198
11194
11190
11186
11182
11178
11174
11170
11166
11162
11158
11154
11150
11146
11142
11138
11134
11130
11126
11122
11118
11114
11110
11106
11102
11098
11094
11090
11086
11082
11078
11074
11070
11066
11062
11058
11054
11050
11046
11042
11038
11034
11030
11026
11022
11018
11014
11010
11006
11002
10998
10994
10990
10986
10982
10978
10974
10970
10966
10962
10958
10954
10950
10946
10942
10938
10934
10930
10926
10922
10918
10914
10910
10906
10902
10898
10894
10890
10886
10882
10878
10874
10870
10866
10862
10858
10854
10850
10846
10842
10838
10834
10830
10826
10822
10818
10814
10810
10806
10802
10798
10794
10790
10786
10782
10778
10774
10770
10766
10762
10758
10754
10750
10746
10742
10738
10734
10730
10726
10722
10718
10714
10710
10706
10702
10698
10694
10690
10686
10682
10678
10674
10670
10666
10662
10658
10654
10650
10646
10642
10638
10634
10630
10626
10622
10618
10614
10610
10606
10602
10598
10594
10590
10586
10582
10578
10574
10570
10566
10562
10558
10554
10550
10546
10542
10538
10534
10530
10526
10522
10518
10514
10510
10506
10502
10498
10494
10490
10486
10482
10478
10474
10470
10466
10462
10458
10454
10450
10446
10442
10438
10434
10430
10426
10422
10418
10414
10410
10406
10402
10398
10394
10390
10386
10382
10378
10374
10370
10366
10362
10358
10354
10350
10346
10342
10338
10334
10330
10326
10322
10318
10314
10310
10306
10302
10298
10294
10290
10286
10282
10278
10274
10270
10266
10262
10258
10254
10250
10246
10242
10238
10234
10230
m 10230
nil
48040
17574
12472
12030
11998
11994
11990
11986
11982
11978
11974
11970
11966
11962
11958
11954
11950
11946
11942
11938
11934
11930
11926
11922
11918
11914
11910
11906
11902
11898
11894
11890
11886
11882
11878
11874
11870
11866
11862
11858
11854
11850
11846
11842
11838
11834
11830
11826
11822
11818
11814
11810
11806
11802
11798
11794
11790
11786
11782
11778
11774
11770
11766
11762
11758
11754
11750
11746
11742
11738
11734
11730
11726
11722
11718
11714
11710
11706
11702
11698
11694
11690
11686
11682
11678
11674
11670
11666
11662
11658
11654
11650
11646
11642
11638
11634
11630
11626
11622
11618
11614
11610
11606
11602
11598
11594
11590
11586
11582
11578
11574
11570
11566
11562
11558
11554
11550
11546
11542
11538
11534
11530
11526
11522
11518
11514
11510
11506
11502
11498
11494
11490
11486
11482
11478
11474
11470
11466
11462
11458
11454
11450
11446
11442
11438
11434
11430
11426
11422
11418
11414
11410
11406
11402
11398
11394
11390
11386
11382
11378
11374
11370
11366
11362
11358
11354
11350
11346
11342
11338
11334
11330
11326
11322
11318
11314
11310
11306
11302
11298
11294
11290
11286
11282
11278
11274
11270
11266
11262
11258
11254
11250
11246
11242
11238
11234
11230
11226
11222
11218
11214
11210
11206
11202
11198
11194
11190
11186
11182
11178
11174
11170
11166
11162
11158
11154
11150
11146
11142
11138
11134
11130
11126
11122
11118
11114
11110
11106
11102
11098
11094
11090
11086
11082
11078
11074
11070
11066
11062
11058
11054
11050
11046
11042
11038
11034
11030
11026
11022
11018
11014
11010
11006
11002
10998
10994
10990
10986
10982
10978
10974
10970
10966
10962
10958
10954
10950
10946
10942
10938
10934
10930
10926
10922
10918
10914
10910
10906
10902
10898
10894
10890
10886
10882
10878
10874
10870
10866
10862
10858
10854
10850
10846
10842
10838
10834
10830
10826
10822
10818
10814
10810
10806
10802
10798
10794
10790
10786
10782
10778
10774
10770
10766
10762
10758
10754
10750
10746
10742
10738
10734
10730
10726
10722
10718
10714
10710
10706
10702
10698
10694
10690
10686
10682
10678
10674
10670
10666
10662
10658
10654
10650
10646
10642
10638
10634
10630
10626
10622
10618
10614
10610
10606
10602
10598
10594
10590
10586
10582
10578
10574
10570
10566
10562
10558
10554
10550
10546
10542
10538
10534
10530
10526
10522
10518
10514
10510
10506
10502
10498
10494
10490
10486
10482
10478
10474
10470
10466
10462
10458
10454
10450
10446
10442
10438
10434
10430
10426
10422
10418
10414
10410
10406
10402
10398
10394
10390
10386
10382
10378
10374
10370
10366
10362
10358
10354
10350
10346
10342
10338
10334
10330
10326
10322
10318
10314
10310
10306
10302
10298
10294
10290
10286
10282
10278
10274
10270
10266
10262
10258
10254
10250
10246
10242
10238
10234
10230
10226
n 10226
nil
47988
17414
12386
11968
11944
11938
11934
11930
11926
11922
11918
11914
11910
11906
11902
11898
11894
11890
11886
11882
11878
11874
11870
11866
11862
11858
11854
11850
11846
11842
11838
11834
11830
11826
11822
11818
11814
11810
11806
11802
11798
11794
11790
11786
11782
11778
11774
11770
11766
11762
11758
11754
11750
11746
11742
11738
11734
11730
11726
11722
11718
11714
11710
11706
11702
11698
11694
11690
11686
11682
11678
11674
11670
11666
11662
11658
11654
11650
11646
11642
11638
11634
11630
11626
11622
11618
11614
11610
11606
11602
11598
11594
11590
11586
11582
11578
11574
11570
11566
11562
11558
11554
11550
11546
11542
11538
11534
11530
11526
11522
11518
11514
11510
11506
11502
11498
11494
11490
11486
11482
11478
11474
11470
11466
11462
11458
11454
11450
11446
11442
11438
11434
11430
11426
11422
11418
11414
11410
11406
11402
11398
11394
11390
11386
11382
11378
11374
11370
11366
11362
11358
11354
11350
11346
11342
11338
11334
11330
11326
11322
11318
11314
11310
11306
11302
11298
11294
11290
11286
11282
11278
11274
11270
11266
11262
11258
11254
11250
11246
11242
11238
11234
11230
11226
11222
11218
11214
11210
11206
11202
11198
11194
11190
11186
11182
11178
11174
11170
11166
11162
11158
11154
11150
11146
11142
11138
11134
11130
11126
11122
11118
11114
11110
11106
11102
11098
11094
11090
11086
11082
11078
11074
11070
11066
11062
11058
11054
11050
11046
11042
11038
11034
11030
11026
11022
11018
11014
11010
11006
11002
10998
10994
10990
10986
10982
10978
10974
10970
10966
10962
10958
10954
10950
10946
10942
10938
10934
10930
10926
10922
10918
10914
10910
10906
10902
10898
10894
10890
10886
10882
10878
10874
10870
10866
10862
10858
10854
10850
10846
10842
10838
10834
10830
10826
10822
10818
10814
10810
10806
10802
10798
10794
10790
10786
10782
10778
10774
10770
10766
10762
10758
10754
10750
10746
10742
10738
10734
10730
10726
10722
10718
10714
10710
10706
10702
10698
10694
10690
10686
10682
10678
10674
10670
10666
10662
10658
10654
10650
10646
10642
10638
10634
10630
10626
10622
10618
10614
10610
10606
10602
10598
10594
10590
10586
10582
10578
10574
10570
10566
10562
10558
10554
10550
10546
10542
10538
10534
10530
10526
10522
10518
10514
10510
10506
10502
10498
10494
10490
10486
10482
10478
10474
10470
10466
10462
10458
10454
10450
10446
10442
10438
10434
10430
10426
10422
10418
10414
10410
10406
10402
10398
10394
10390
10386
10382
10378
10374
10370
10366
10362
10358
10354
10350
10346
10342
10338
10334
10330
10326
10322
10318
10314
10310
10306
10302
10298
10294
10290
10286
10282
10278
10274
10270
10266
10262
10258
10254
10250
10246
10242
10238
10234
10230
10226
10222
10218
10214
10210
10206
10202
10198
10194
10190
o 10190
nil
47992
17470
12440
11996
11966
11962
11958
11954
11950
11946
11942
11938
11934
11930
11926
11922
11918
11914
11910
11906
11902
11898
11894
11890
11886
11882
11878
11874
11870
11866
11862
11858
11854
11850
11846
11842
11838
11834
11830
11826
11822
11818
11814
11810
11806
11802
11798
11794
11790
11786
11782
11778
11774
11770
11766
11762
11758
11754
11750
11746
11742
11738
11734
11730
11726
11722
11718
11714
11710
11706
11702
11698
11694
11690
11686
11682
11678
11674
11670
11666
11662
11658
11654
11650
11646
11642
11638
11634
11630
11626
11622
11618
11614
11610
11606
11602
11598
11594
11590
11586
11582
11578
11574
11570
11566
11562
11558
11554
11550
11546
11542
11538
11534
11530
11526
11522
11518
11514
11510
11506
11502
11498
11494
11490
11486
11482
11478
11474
11470
11466
11462
11458
11454
11450
11446
11442
11438
11434
11430
11426
11422
11418
11414
11410
11406
11402
11398
11394
11390
11386
11382
11378
11374
11370
11366
11362
11358
11354
11350
11346
11342
11338
11334
11330
11326
11322
11318
11314
11310
11306
11302
11298
11294
11290
11286
11282
11278
11274
11270
11266
11262
11258
11254
11250
11246
11242
11238
11234
11230
11226
11222
11218
11214
11210
11206
11202
11198
11194
11190
11186
11182
11178
11174
11170
11166
11162
11158
11154
11150
11146
11142
11138
11134
11130
11126
11122
11118
11114
11110
11106
11102
11098
11094
11090
11086
11082
11078
11074
11070
11066
11062
11058
11054
11050
11046
11042
11038
11034
11030
11026
11022
11018
11014
11010
11006
11002
10998
10994
10990
10986
10982
10978
10974
10970
10966
10962
10958
10954
10950
10946
10942
10938
10934
10930
10926
10922
10918
10914
10910
10906
10902
10898
10894
10890
10886
10882
10878
10874
10870
10866
10862
10858
10854
10850
10846
10842
10838
10834
10830
10826
10822
10818
10814
10810
10806
10802
10798
10794
10790
10786
10782
10778
10774
10770
10766
10762
10758
10754
10750
10746
10742
10738
10734
10730
10726
10722
10718
10714
10710
10706
10702
10698
10694
10690
10686
10682
10678
10674
10670
10666
10662
10658
10654
10650
10646
10642
10638
10634
10630
10626
10622
10618
10614
10610
10606
10602
10598
10594
10590
10586
10582
10578
10574
10570
10566
10562
10558
10554
10550
10546
10542
10538
10534
10530
10526
10522
10518
10514
10510
10506
10502
10498
10494
10490
10486
10482
10478
10474
10470
10466
10462
10458
10454
10450
10446
10442
10438
10434
10430
10426
10422
10418
10414
10410
10406
10402
10398
10394
10390
10386
10382
10378
10374
10370
10366
10362
10358
10354
10350
10346
10342
10338
10334
10330
10326
10322
10318
10314
10310
10306
10302
10298
10294
10290
10286
10282
10278
10274
10270
10266
10262
10258
10254
10250
10246
10242
10238
10234
10230
10226
10222
10218
10214
10210
10206
10202
10200
p 10200
nil
48054
17532
12442
11990
11958
11954
11950
11946
11942
11938
11934
11930
11926
11922
11918
11914
11910
11906
11902
11898
11894
11890
11886
11882
11878
11874
11870
11866
11862
11858
11854
11850
11846
11842
11838
11834
11830
11826
11822
11818
11814
11810
11806
11802
11798
11794
11790
11786
11782
11778
11774
11770
11766
11762
11758
11754
11750
11746
11742
11738
11734
11730
11726
11722
11718
11714
11710
11706
11702
11698
11694
11690
11686
11682
11678
11674
11670
11666
11662
11658
11654
11650
11646
11642
11638
11634
11630
11626
11622
11618
11614
11610
11606
11602
11598
11594
11590
11586
11582
11578
11574
11570
11566
11562
11558
11554
11550
11546
11542
11538
11534
11530
11526
11522
11518
11514
11510
11506
11502
11498
11494
11490
11486
11482
11478
11474
11470
11466
11462
11458
11454
11450
11446
11442
11438
11434
11430
11426
11422
11418
11414
11410
11406
11402
11398
11394
11390
11386
11382
11378
11374
11370
11366
11362
11358
11354
11350
11346
11342
11338
11334
11330
11326
11322
11318
11314
11310
11306
11302
11298
11294
11290
11286
11282
11278
11274
11270
11266
11262
11258
11254
11250
11246
11242
11238
11234
11230
11226
11222
11218
11214
11210
11206
11202
11198
11194
11190
11186
11182
11178
11174
11170
11166
11162
11158
11154
11150
11146
11142
11138
11134
11130
11126
11122
11118
11114
11110
11106
11102
11098
11094
11090
11086
11082
11078
11074
11070
11066
11062
11058
11054
11050
11046
11042
11038
11034
11030
11026
11022
11018
11014
11010
11006
11002
10998
10994
10990
10986
10982
10978
10974
10970
10966
10962
10958
10954
10950
10946
10942
10938
10934
10930
10926
10922
10918
10914
10910
10906
10902
10898
10894
10890
10886
10882
10878
10874
10870
10866
10862
10858
10854
10850
10846
10842
10838
10834
10830
10826
10822
10818
10814
10810
10806
10802
10798
10794
10790
10786
10782
10778
10774
10770
10766
10762
10758
10754
10750
10746
10742
10738
10734
10730
10726
10722
10718
10714
10710
10706
10702
10698
10694
10690
10686
10682
10678
10674
10670
10666
10662
10658
10654
10650
10646
10642
10638
10634
10630
10626
10622
10618
10614
10610
10606
10602
10598
10594
10590
10586
10582
10578
10574
10570
10566
10562
10558
10554
10550
10546
10542
10538
10534
10530
10526
10522
10518
10514
10510
10506
10502
10498
10494
10490
10486
10482
10478
10474
10470
10466
10462
10458
10454
10450
10446
10442
10438
10434
10430
10426
10422
10418
10414
10410
10406
10402
10398
10394
10390
10386
10382
10378
10374
10370
10366
10362
10358
10354
10350
10346
10342
10338
10334
10330
10326
10322
10318
10314
10310
10306
10302
10298
10294
10290
10286
10282
10278
10274
10270
10266
10262
10258
10254
10250
10246
10242
10238
10234
10230
10226
10222
10218
10214
10210
10206
10202
10198
10194
10190
q 10190
nil
48168
17526
12476
12042
12008
12004
12000
11996
11992
11988
11984
11980
11976
11972
11968
11964
11960
11956
11952
11948
11944
11940
11936
11932
11928
11924
11920
11916
11912
11908
11904
11900
11896
11892
11888
11884
11880
11876
11872
11868
11864
11860
11856
11852
11848
11844
11840
11836
11832
11828
11824
11820
11816
11812
11808
11804
11800
11796
11792
11788
11784
11780
11776
11772
11768
11764
11760
11756
11752
11748
11744
11740
11736
11732
11728
11724
11720
11716
11712
11708
11704
11700
11696
11692
11688
11684
11680
11676
11672
11668
11664
11660
11656
11652
11648
11644
11640
11636
11632
11628
11624
11620
11616
11612
11608
11604
11600
11596
11592
11588
11584
11580
11576
11572
11568
11564
11560
11556
11552
11548
11544
11540
11536
11532
11528
11524
11520
11516
11512
11508
11504
11500
11496
11492
11488
11484
11480
11476
11472
11468
11464
11460
11456
11452
11448
11444
11440
11436
11432
11428
11424
11420
11416
11412
11408
11404
11400
11396
11392
11388
11384
11380
11376
11372
11368
11364
11360
11356
11352
11348
11344
11340
11336
11332
11328
11324
11320
11316
11312
11308
11304
11300
11296
11292
11288
11284
11280
11276
11272
11268
11264
11260
11256
11252
11248
11244
11240
11236
11232
11228
11224
11220
11216
11212
11208
11204
11200
11196
11192
11188
11184
11180
11176
11172
11168
11164
11160
11156
11152
11148
11144
11140
11136
11132
11128
11124
11120
11116
11112
11108
11104
11100
11096
11092
11088
11084
11080
11076
11072
11068
11064
11060
11056
11052
11048
11044
11040
11036
11032
11028
11024
11020
11016
11012
11008
11004
11000
10996
10992
10988
10984
10980
10976
10972
10968
10964
10960
10956
10952
10948
10944
10940
10936
10932
10928
10924
10920
10916
10912
10908
10904
10900
10896
10892
10888
10884
10880
10876
10872
10868
10864
10860
10856
10852
10848
10844
10840
10836
10832
10828
10824
10820
10816
10812
10808
10804
10800
10796
10792
10788
10784
10780
10776
10772
10768
10764
10760
10756
10752
10748
10744
10740
10736
10732
10728
10724
10720
10716
10712
10708
10704
10700
10696
10692
10688
10684
10680
10676
10672
10668
10664
10660
10656
10652
10648
10644
10640
10636
10632
10628
10624
10620
10616
10612
10608
10604
10600
10596
10592
10588
10584
10580
10576
10572
10568
10564
10560
10556
10552
10548
10544
10540
10536
10532
10528
10524
10520
10516
10512
10508
10504
10500
10496
10492
10488
10484
10480
10476
10472
10468
10464
10460
10456
10452
10448
10444
10440
10436
10432
10428
10424
10420
10416
10412
10408
10404
10400
10396
10392
10388
10384
10380
10376
10372
10368
10364
10360
10356
10352
10348
10344
10340
10336
10332
10328
10324
10320
10316
10312
10308
10304
10300
10296
10292
10288
10284
10280
10276
10272
10268
10264
10260
10256
10252
10248
10244
10240
10236
10232
10228
10224
r 10224
nil
48112
17580
12452
12014
11990
11986
11982
11978
11974
11970
11966
11962
11958
11954
11950
11946
11942
11938
11934
11930
11926
11922
11918
11914
11910
11906
11902
11898
11894
11890
11886
11882
11878
11874
11870
11866
11862
11858
11854
11850
11846
11842
11838
11834
11830
11826
11822
11818
11814
11810
11806
11802
11798
11794
11790
11786
11782
11778
11774
11770
11766
11762
11758
11754
11750
11746
11742
11738
11734
11730
11726
11722
11718
11714
11710
11706
11702
11698
11694
11690
11686
11682
11678
11674
11670
11666
11662
11658
11654
11650
11646
11642
11638
11634
11630
11626
11622
11618
11614
11610
11606
11602
11598
11594
11590
11586
11582
11578
11574
11570
11566
11562
11558
11554
11550
11546
11542
11538
11534
11530
11526
11522
11518
11514
11510
11506
11502
11498
11494
11490
11486
11482
11478
11474
11470
11466
11462
11458
11454
11450
11446
11442
11438
11434
11430
11426
11422
11418
11414
11410
11406
11402
11398
11394
11390
11386
11382
11378
11374
11370
11366
11362
11358
11354
11350
11346
11342
11338
11334
11330
11326
11322
11318
11314
11310
11306
11302
11298
11294
11290
11286
11282
11278
11274
11270
11266
11262
11258
11254
11250
11246
11242
11238
11234
11230
11226
11222
11218
11214
11210
11206
11202
11198
11194
11190
11186
11182
11178
11174
11170
11166
11162
11158
11154
11150
11146
11142
11138
11134
11130
11126
11122
11118
11114
11110
11106
11102
11098
11094
11090
11086
11082
11078
11074
11070
11066
11062
11058
11054
11050
11046
11042
11038
11034
11030
11026
11022
11018
11014
11010
11006
11002
10998
10994
10990
10986
10982
10978
10974
10970
10966
10962
10958
10954
10950
10946
10942
10938
10934
10930
10926
10922
10918
10914
10910
10906
10902
10898
10894
10890
10886
10882
10878
10874
10870
10866
10862
10858
10854
10850
10846
10842
10838
10834
10830
10826
10822
10818
10814
10810
10806
10802
10798
10794
10790
10786
10782
10778
10774
10770
10766
10762
10758
10754
10750
10746
10742
10738
10734
10730
10726
10722
10718
10714
10710
10706
10702
10698
10694
10690
10686
10682
10678
10674
10670
10666
10662
10658
10654
10650
10646
10642
10638
10634
10630
10626
10622
10618
10614
10610
10606
10602
10598
10594
10590
10586
10582
10578
10574
10570
10566
10562
10558
10554
10550
10546
10542
10538
10534
10530
10526
10522
10518
10514
10510
10506
10502
10498
10494
10490
10486
10482
10478
10474
10470
10466
10462
10458
10454
10450
10446
10442
10438
10434
10430
10426
10422
10418
10414
10410
10406
10402
10398
10394
10390
10386
10382
10378
10374
10370
10366
10362
10358
10354
10350
10346
10342
10338
10334
10330
10326
10322
10318
10314
10310
10306
10302
10298
10294
10290
10286
10282
10278
10274
10270
10266
10262
10258
10254
10250
10246
10242
10238
10234
10232
s 10232
nil
48058
17634
12492
12026
11994
11990
11986
11982
11978
11974
11970
11966
11962
11958
11954
11950
11946
11942
11938
11934
11930
11926
11922
11918
11914
11910
11906
11902
11898
11894
11890
11886
11882
11878
11874
11870
11866
11862
11858
11854
11850
11846
11842
11838
11834
11830
11826
11822
11818
11814
11810
11806
11802
11798
11794
11790
11786
11782
11778
11774
11770
11766
11762
11758
11754
11750
11746
11742
11738
11734
11730
11726
11722
11718
11714
11710
11706
11702
11698
11694
11690
11686
11682
11678
11674
11670
11666
11662
11658
11654
11650
11646
11642
11638
11634
11630
11626
11622
11618
11614
11610
11606
11602
11598
11594
11590
11586
11582
11578
11574
11570
11566
11562
11558
11554
11550
11546
11542
11538
11534
11530
11526
11522
11518
11514
11510
11506
11502
11498
11494
11490
11486
11482
11478
11474
11470
11466
11462
11458
11454
11450
11446
11442
11438
11434
11430
11426
11422
11418
11414
11410
11406
11402
11398
11394
11390
11386
11382
11378
11374
11370
11366
11362
11358
11354
11350
11346
11342
11338
11334
11330
11326
11322
11318
11314
11310
11306
11302
11298
11294
11290
11286
11282
11278
11274
11270
11266
11262
11258
11254
11250
11246
11242
11238
11234
11230
11226
11222
11218
11214
11210
11206
11202
11198
11194
11190
11186
11182
11178
11174
11170
11166
11162
11158
11154
11150
11146
11142
11138
11134
11130
11126
11122
11118
11114
11110
11106
11102
11098
11094
11090
11086
11082
11078
11074
11070
11066
11062
11058
11054
11050
11046
11042
11038
11034
11030
11026
11022
11018
11014
11010
11006
11002
10998
10994
10990
10986
10982
10978
10974
10970
10966
10962
10958
10954
10950
10946
10942
10938
10934
10930
10926
10922
10918
10914
10910
10906
10902
10898
10894
10890
10886
10882
10878
10874
10870
10866
10862
10858
10854
10850
10846
10842
10838
10834
10830
10826
10822
10818
10814
10810
10806
10802
10798
10794
10790
10786
10782
10778
10774
10770
10766
10762
10758
10754
10750
10746
10742
10738
10734
10730
10726
10722
10718
10714
10710
10706
10702
10698
10694
10690
10686
10682
10678
10674
10670
10666
10662
10658
10654
10650
10646
10642
10638
10634
10630
10626
10622
10618
10614
10610
10606
10602
10598
10594
10590
10586
10582
10578
10574
10570
10566
10562
10558
10554
10550
10546
10542
10538
10534
10530
10526
10522
10518
10514
10510
10506
10502
10498
10494
10490
10486
10482
10478
10474
10470
10466
10462
10458
10454
10450
10446
10442
10438
10434
10430
10426
10422
10418
10414
10410
10406
10402
10398
10394
10390
10386
10382
10378
10374
10370
10366
10362
10358
10354
10350
10346
10342
10338
10334
10330
10326
10322
10318
10314
10310
10306
10302
10298
10294
10290
10286
10282
10278
10274
10270
10266
10262
10258
10254
10250
10246
10244
t 10244
nil
48150
17570
12508
12046
12010
12004
12000
11996
11992
11988
11984
11980
11976
11972
11968
11964
11960
11956
11952
11948
11944
11940
11936
11932
11928
11924
11920
11916
11912
11908
11904
11900
11896
11892
11888
11884
11880
11876
11872
11868
11864
11860
11856
11852
11848
11844
11840
11836
11832
11828
11824
11820
11816
11812
11808
11804
11800
11796
11792
11788
11784
11780
11776
11772
11768
11764
11760
11756
11752
11748
11744
11740
11736
11732
11728
11724
11720
11716
11712
11708
11704
11700
11696
11692
11688
11684
11680
11676
11672
11668
11664
11660
11656
11652
11648
11644
11640
11636
11632
11628
11624
11620
11616
11612
11608
11604
11600
11596
11592
11588
11584
11580
11576
11572
11568
11564
11560
11556
11552
11548
11544
11540
11536
11532
11528
11524
11520
11516
11512
11508
11504
11500
11496
11492
11488
11484
11480
11476
11472
11468
11464
11460
11456
11452
11448
11444
11440
11436
11432
11428
11424
11420
11416
11412
11408
11404
11400
11396
11392
11388
11384
11380
11376
11372
11368
11364
11360
11356
11352
11348
11344
11340
11336
11332
11328
11324
11320
11316
11312
11308
11304
11300
11296
11292
11288
11284
11280
11276
11272
11268
11264
11260
11256
11252
11248
11244
11240
11236
11232
11228
11224
11220
11216
11212
11208
11204
11200
11196
11192
11188
11184
11180
11176
11172
11168
11164
11160
11156
11152
11148
11144
11140
11136
11132
11128
11124
11120
11116
11112
11108
11104
11100
11096
11092
11088
11084
11080
11076
11072
11068
11064
11060
11056
11052
11048
11044
11040
11036
11032
11028
11024
11020
11016
11012
11008
11004
11000
10996
10992
10988
10984
10980
10976
10972
10968
10964
10960
10956
10952
10948
10944
10940
10936
10932
10928
10924
10920
10916
10912
10908
10904
10900
10896
10892
10888
10884
10880
10876
10872
10868
10864
10860
10856
10852
10848
10844
10840
10836
10832
10828
10824
10820
10816
10812
10808
10804
10800
10796
10792
10788
10784
10780
10776
10772
10768
10764
10760
10756
10752
10748
10744
10740
10736
10732
10728
10724
10720
10716
10712
10708
10704
10700
10696
10692
10688
10684
10680
10676
10672
10668
10664
10660
10656
10652
10648
10644
10640
10636
10632
10628
10624
10620
10616
10612
10608
10604
10600
10596
10592
10588
10584
10580
10576
10572
10568
10564
10560
10556
10552
10548
10544
10540
10536
10532
10528
10524
10520
10516
10512
10508
10504
10500
10496
10492
10488
10484
10480
10476
10472
10468
10464
10460
10456
10452
10448
10444
10440
10436
10432
10428
10424
10420
10416
10412
10408
10404
10400
10396
10392
10388
10384
10380
10376
10372
10368
10364
10360
10356
10352
10348
10344
10340
10336
10332
10328
10324
10320
10316
10312
10308
10304
10300
10296
10292
10288
10284
10280
10276
10272
10268
10264
10260
10256
10252
10248
10244
10240
10236
10232
10228
10224
u 10224
nil
48150
17550
12472
12012
11986
11982
11978
11974
11970
11966
11962
11958
11954
11950
11946
11942
11938
11934
11930
11926
11922
11918
11914
11910
11906
11902
11898
11894
11890
11886
11882
11878
11874
11870
11866
11862
11858
11854
11850
11846
11842
11838
11834
11830
11826
11822
11818
11814
11810
11806
11802
11798
11794
11790
11786
11782
11778
11774
11770
11766
11762
11758
11754
11750
11746
11742
11738
11734
11730
11726
11722
11718
11714
11710
11706
11702
11698
11694
11690
11686
11682
11678
11674
11670
11666
11662
11658
11654
11650
11646
11642
11638
11634
11630
11626
11622
11618
11614
11610
11606
11602
11598
11594
11590
11586
11582
11578
11574
11570
11566
11562
11558
11554
11550
11546
11542
11538
11534
11530
11526
11522
11518
11514
11510
11506
11502
11498
11494
11490
11486
11482
11478
11474
11470
11466
11462
11458
11454
11450
11446
11442
11438
11434
11430
11426
11422
11418
11414
11410
11406
11402
11398
11394
11390
11386
11382
11378
11374
11370
11366
11362
11358
11354
11350
11346
11342
11338
11334
11330
11326
11322
11318
11314
11310
11306
11302
11298
11294
11290
11286
11282
11278
11274
11270
11266
11262
11258
11254
11250
11246
11242
11238
11234
11230
11226
11222
11218
11214
11210
11206
11202
11198
11194
11190
11186
11182
11178
11174
11170
11166
11162
11158
11154
11150
11146
11142
11138
11134
11130
11126
11122
11118
11114
11110
11106
11102
11098
11094
11090
11086
11082
11078
11074
11070
11066
11062
11058
11054
11050
11046
11042
11038
11034
11030
11026
11022
11018
11014
11010
11006
11002
10998
10994
10990
10986
10982
10978
10974
10970
10966
10962
10958
10954
10950
10946
10942
10938
10934
10930
10926
10922
10918
10914
10910
10906
10902
10898
10894
10890
10886
10882
10878
10874
10870
10866
10862
10858
10854
10850
10846
10842
10838
10834
10830
10826
10822
10818
10814
10810
10806
10802
10798
10794
10790
10786
10782
10778
10774
10770
10766
10762
10758
10754
10750
10746
10742
10738
10734
10730
10726
10722
10718
10714
10710
10706
10702
10698
10694
10690
10686
10682
10678
10674
10670
10666
10662
10658
10654
10650
10646
10642
10638
10634
10630
10626
10622
10618
10614
10610
10606
10602
10598
10594
10590
10586
10582
10578
10574
10570
10566
10562
10558
10554
10550
10546
10542
10538
10534
10530
10526
10522
10518
10514
10510
10506
10502
10498
10494
10490
10486
10482
10478
10474
10470
10466
10462
10458
10454
10450
10446
10442
10438
10434
10430
10426
10422
10418
10414
10410
10406
10402
10398
10394
10390
10386
10382
10378
10374
10370
10366
10362
10358
10354
10350
10346
10342
10338
10334
10330
10326
10322
10318
10314
10310
10306
10302
10298
10294
10290
10286
10282
10278
10274
10270
10266
10262
10258
10254
10250
10246
10242
10238
10234
10230
10226
10222
10218
10214
10210
10206
10202
10198
10194
10190
10186
10182
10178
10174
10170
10166
10162
10158
10154
10150
10146
10142
10138
10134
10130
10126
10122
10118
10114
10110
10106
10102
10098
10094
10090
10086
10082
10078
10074
10070
10066
10062
10058
10054
10050
10046
10042
10038
10034
10030
10026
10022
10018
10014
10010
10006
10002
9998
9994
9990
9986
9982
9978
9974
9970
9966
9962
9958
9954
9950
9946
9942
9938
9934
9930
9926
9922
9918
9914
9910
9906
9902
9898
9894
9890
9886
9882
9878
9874
9870
9866
9862
9858
9854
9850
9846
9842
9838
9834
9830
9826
9822
9818
9814
9810
9806
9802
9798
9794
9790
9786
9782
9778
9774
9770
9766
9762
9758
9754
9750
9746
9742
9738
9734
9730
9726
9722
9718
9714
9710
9706
9702
9698
9694
9690
9686
9682
9678
9674
9670
9666
9662
9658
9654
9650
9646
9642
9638
9634
9630
9626
9622
9618
9614
9610
9606
9602
9598
9594
9590
9586
9582
9578
9574
9570
9566
9562
9558
9554
9550
9546
9542
9538
9534
9530
9526
9522
9518
9514
9510
9506
9502
9498
9494
9490
9486
9482
9478
9474
9470
9466
9462
9458
9454
9450
9446
9442
9438
9434
9430
9426
9422
9418
9414
9410
9406
9402
9398
9394
9390
9386
9382
9378
9374
9370
9366
9362
9358
9354
9350
9346
9342
9338
9334
9330
9326
9322
9318
9314
9310
9306
9302
9298
9294
9290
9286
9282
9278
9274
9270
9266
9262
9258
9254
9250
9246
9242
9238
9234
9230
9226
9222
9218
9214
9210
9206
9202
9198
9194
9190
9186
9182
9178
9174
9170
9166
9162
9158
9154
9150
9146
9142
9138
9134
9130
9126
9122
9118
9114
9110
9106
9102
9098
9094
9090
9086
9082
9078
9074
9070
9066
9062
9058
9054
9050
9046
9042
9038
9034
9030
9026
9022
9018
9014
9010
9006
9002
8998
8994
8990
8986
8982
8978
8974
8970
8966
8962
8958
8954
8950
8946
8942
8938
8934
8930
8926
8922
8918
8914
8910
8906
8902
8898
8894
8890
8886
8882
8878
8874
8870
8866
8862
8858
8854
8850
8846
8842
8838
8834
8830
8826
8822
8818
8814
8810
8806
8802
8798
8794
8790
8786
8782
8778
8774
8770
8766
8762
8758
8754
8750
8746
8742
8738
8734
8730
8726
8722
8718
8714
8710
8706
8702
8698
8694
8690
8686
8682
8678
8674
8670
8666
8662
8658
8654
8650
8646
8642
8638
8634
8630
8626
8622
8618
8614
8610
8606
8602
8598
8594
8590
8586
8582
8578
8574
8570
8566
8562
8558
8554
8550
8546
8542
8538
8534
8530
8526
8522
8518
8514
8510
8506
8502
8498
8494
8490
8486
8482
8478
8474
8470
8466
8462
8458
8454
8450
8446
8442
8438
8434
8430
8426
8422
8418
8414
8410
8406
8402
8398
8394
8390
8386
8382
8378
8374
8370
8366
8362
8358
8354
8350
8346
8342
8338
8334
8330
8326
8322
8318
8314
8310
8306
8302
8298
8294
8290
8286
8282
8278
8274
8270
8266
8262
8258
8254
8250
8246
8242
8238
8234
8230
8226
8222
8218
8214
8210
8206
8202
8198
8194
